0	0	0
20	0	0
40	0	0
60	0	0
80	0	0
100	0	0
120	0	0
140	0	0
160	0	0
180	0	0
200	0	0
220	0	0
240	0	0
260	0	0
280	0	0
300	0	0
320	0	0
340	0	0
360	0	0
380	0	0
400	0	0
420	0	0
440	0	0
460	0	0
480	0	0
500	0	0
520	0	0
540	0	0
560	0	0
580	0	0
600	0	0
620	0	0
640	0	0
660	0	0
680	0	0
700	0	0
720	0	0
740	0	0
760	0	0
780	0	0
800	0	0
820	0	0
840	0	0
860	0	0
880	0	0
900	0	0
920	0	0
940	0	0
960	0	0
980	0	0
1000	0	0
1020	0	0
1040	0	0
1060	0	0
1080	0	0
1100	0	0
1120	0	0
1140	0	0
1160	0	0
1180	0	0
1200	0	0
1220	0	0
1240	0	0
1260	0	0
1280	0	0
1300	0	0
1320	0	0
1340	0	0
1360	0	0
1380	0	0
1400	0	0
1420	0	0
1440	0	0
1460	0	0
1480	0	0
1500	0	0
1520	0	0
1540	0	0
1560	0	0
1580	0	0
1600	0	0
1620	0	0
1640	0	0
1660	0	0
1680	0	0
1700	0	0
1720	0	0
1740	0	0
1760	0	0
1780	0	0
1800	0	0
1820	0	0
1840	0	0
1860	0	0
1880	0	0
1900	0	0
1920	0	0
1940	0	0
1960	0	0
1980	0	0
2000	0	0
0	40	0
20	40	0
40	40	0
60	40	0
80	40	0
100	40	0
120	40	0
140	40	0
160	40	0
180	40	0
200	40	0
220	40	0
240	40	0
260	40	0
280	40	0
300	40	0
320	40	0
340	40	0
360	40	0
380	40	0
400	40	0
420	40	0
440	40	0
460	40	0
480	40	0
500	40	0
520	40	0
540	40	0
560	40	0
580	40	0
600	40	0
620	40	0
640	40	0
660	40	0
680	40	0
700	40	0
720	40	0
740	40	0
760	40	0
780	40	0
800	40	0
820	40	0
840	40	0
860	40	0
880	40	0
900	40	0
920	40	0
940	40	0
960	40	0
980	40	0
1000	40	0
1020	40	0
1040	40	0
1060	40	0
1080	40	0
1100	40	0
1120	40	0
1140	40	0
1160	40	0
1180	40	0
1200	40	0
1220	40	0
1240	40	0
1260	40	0
1280	40	0
1300	40	0
1320	40	0
1340	40	0
1360	40	0
1380	40	0
1400	40	0
1420	40	0
1440	40	0
1460	40	0
1480	40	0
1500	40	0
1520	40	0
1540	40	0
1560	40	0
1580	40	0
1600	40	0
1620	40	0
1640	40	0
1660	40	0
1680	40	0
1700	40	0
1720	40	0
1740	40	0
1760	40	0
1780	40	0
1800	40	0
1820	40	0
1840	40	0
1860	40	0
1880	40	0
1900	40	0
1920	40	0
1940	40	0
1960	40	0
1980	40	0
2000	40	0
0	80	0
20	80	0
40	80	0
60	80	0
80	80	0
100	80	0
120	80	0
140	80	0
160	80	0
180	80	0
200	80	0
220	80	0
240	80	0
260	80	0
280	80	0
300	80	0
320	80	0
340	80	0
360	80	0
380	80	0
400	80	0
420	80	0
440	80	0
460	80	0
480	80	0
500	80	0
520	80	0
540	80	0
560	80	0
580	80	0
600	80	0
620	80	0
640	80	0
660	80	0
680	80	0
700	80	0
720	80	0
740	80	0
760	80	0
780	80	0
800	80	0
820	80	0
840	80	0
860	80	0
880	80	0
900	80	0
920	80	0
940	80	0
960	80	0
980	80	0
1000	80	0
1020	80	0
1040	80	0
1060	80	0
1080	80	0
1100	80	0
1120	80	0
1140	80	0
1160	80	0
1180	80	0
1200	80	0
1220	80	0
1240	80	0
1260	80	0
1280	80	0
1300	80	0
1320	80	0
1340	80	0
1360	80	0
1380	80	0
1400	80	0
1420	80	0
1440	80	0
1460	80	0
1480	80	0
1500	80	0
1520	80	0
1540	80	0
1560	80	0
1580	80	0
1600	80	0
1620	80	0
1640	80	0
1660	80	0
1680	80	0
1700	80	0
1720	80	0
1740	80	0
1760	80	0
1780	80	0
1800	80	0
1820	80	0
1840	80	0
1860	80	0
1880	80	0
1900	80	0
1920	80	0
1940	80	0
1960	80	0
1980	80	0
2000	80	0
0	120	0
20	120	0
40	120	0
60	120	0
80	120	0
100	120	0
120	120	0
140	120	0
160	120	0
180	120	0
200	120	0
220	120	0
240	120	0
260	120	0
280	120	0
300	120	0
320	120	0
340	120	0
360	120	0
380	120	0
400	120	0
420	120	0
440	120	0
460	120	0
480	120	0
500	120	0
520	120	0
540	120	0
560	120	0
580	120	0
600	120	0
620	120	0
640	120	0
660	120	0
680	120	0
700	120	0
720	120	0
740	120	0
760	120	0
780	120	0
800	120	0
820	120	0
840	120	0
860	120	0
880	120	0
900	120	0
920	120	0
940	120	0
960	120	0
980	120	0
1000	120	0
1020	120	0
1040	120	0
1060	120	0
1080	120	0
1100	120	0
1120	120	0
1140	120	0
1160	120	0
1180	120	0
1200	120	0
1220	120	0
1240	120	0
1260	120	0
1280	120	0
1300	120	0
1320	120	0
1340	120	0
1360	120	0
1380	120	0
1400	120	0
1420	120	0
1440	120	0
1460	120	0
1480	120	0
1500	120	0
1520	120	0
1540	120	0
1560	120	0
1580	120	0
1600	120	0
1620	120	0
1640	120	0
1660	120	0
1680	120	0
1700	120	0
1720	120	0
1740	120	0
1760	120	0
1780	120	0
1800	120	0
1820	120	0
1840	120	0
1860	120	0
1880	120	0
1900	120	0
1920	120	0
1940	120	0
1960	120	0
1980	120	0
2000	120	0
0	160	0
20	160	0
40	160	0
60	160	0
80	160	0
100	160	0
120	160	0
140	160	0
160	160	0
180	160	0
200	160	0
220	160	0
240	160	0
260	160	0
280	160	0
300	160	0
320	160	0
340	160	0
360	160	0
380	160	0
400	160	0
420	160	0
440	160	0
460	160	0
480	160	0
500	160	0
520	160	0
540	160	0
560	160	0
580	160	0
600	160	0
620	160	0
640	160	0
660	160	0
680	160	0
700	160	0
720	160	0
740	160	0
760	160	0
780	160	0
800	160	0
820	160	0
840	160	0
860	160	0
880	160	0
900	160	0
920	160	0
940	160	0
960	160	0
980	160	0
1000	160	0
1020	160	0
1040	160	0
1060	160	0
1080	160	0
1100	160	0
1120	160	0
1140	160	0
1160	160	0
1180	160	0
1200	160	0
1220	160	0
1240	160	0
1260	160	0
1280	160	0
1300	160	0
1320	160	0
1340	160	0
1360	160	0
1380	160	0
1400	160	0
1420	160	0
1440	160	0
1460	160	0
1480	160	0
1500	160	0
1520	160	0
1540	160	0
1560	160	0
1580	160	0
1600	160	0
1620	160	0
1640	160	0
1660	160	0
1680	160	0
1700	160	0
1720	160	0
1740	160	0
1760	160	0
1780	160	0
1800	160	0
1820	160	0
1840	160	0
1860	160	0
1880	160	0
1900	160	0
1920	160	0
1940	160	0
1960	160	0
1980	160	0
2000	160	0
0	200	0
20	200	0
40	200	0
60	200	0
80	200	0
100	200	0
120	200	0
140	200	0
160	200	0
180	200	0
200	200	0
220	200	0
240	200	0
260	200	0
280	200	0
300	200	0
320	200	0
340	200	0
360	200	0
380	200	0
400	200	0
420	200	0
440	200	0
460	200	0
480	200	0
500	200	0
520	200	0
540	200	0
560	200	0
580	200	0
600	200	0
620	200	0
640	200	0
660	200	0
680	200	0
700	200	0
720	200	0
740	200	0
760	200	0
780	200	0
800	200	0
820	200	0
840	200	0
860	200	0
880	200	0
900	200	0
920	200	0
940	200	0
960	200	0
980	200	0
1000	200	0
1020	200	0
1040	200	0
1060	200	0
1080	200	0
1100	200	0
1120	200	0
1140	200	0
1160	200	0
1180	200	0
1200	200	0
1220	200	0
1240	200	0
1260	200	0
1280	200	0
1300	200	0
1320	200	0
1340	200	0
1360	200	0
1380	200	0
1400	200	0
1420	200	0
1440	200	0
1460	200	0
1480	200	0
1500	200	0
1520	200	0
1540	200	0
1560	200	0
1580	200	0
1600	200	0
1620	200	0
1640	200	0
1660	200	0
1680	200	0
1700	200	0
1720	200	0
1740	200	0
1760	200	0
1780	200	0
1800	200	0
1820	200	0
1840	200	0
1860	200	0
1880	200	0
1900	200	0
1920	200	0
1940	200	0
1960	200	0
1980	200	0
2000	200	0
0	240	0
20	240	0
40	240	0
60	240	0
80	240	0
100	240	0
120	240	0
140	240	0
160	240	0
180	240	0
200	240	0
220	240	0
240	240	0
260	240	0
280	240	0
300	240	0
320	240	0
340	240	0
360	240	0
380	240	0
400	240	0
420	240	0
440	240	0
460	240	0
480	240	0
500	240	0
520	240	0
540	240	0
560	240	0
580	240	0
600	240	0
620	240	0
640	240	0
660	240	0
680	240	0
700	240	0
720	240	0
740	240	0
760	240	0
780	240	0
800	240	0
820	240	0
840	240	0
860	240	0
880	240	0
900	240	0
920	240	0
940	240	0
960	240	0
980	240	0
1000	240	0
1020	240	0
1040	240	0
1060	240	0
1080	240	0
1100	240	0
1120	240	0
1140	240	0
1160	240	0
1180	240	0
1200	240	0
1220	240	0
1240	240	0
1260	240	0
1280	240	0
1300	240	0
1320	240	0
1340	240	0
1360	240	0
1380	240	0
1400	240	0
1420	240	0
1440	240	0
1460	240	0
1480	240	0
1500	240	0
1520	240	0
1540	240	0
1560	240	0
1580	240	0
1600	240	0
1620	240	0
1640	240	0
1660	240	0
1680	240	0
1700	240	0
1720	240	0
1740	240	0
1760	240	0
1780	240	0
1800	240	0
1820	240	0
1840	240	0
1860	240	0
1880	240	0
1900	240	0
1920	240	0
1940	240	0
1960	240	0
1980	240	0
2000	240	0
0	280	0
20	280	0
40	280	0
60	280	0
80	280	0
100	280	0
120	280	0
140	280	0
160	280	0
180	280	0
200	280	0
220	280	0
240	280	0
260	280	0
280	280	0
300	280	0
320	280	0
340	280	0
360	280	0
380	280	0
400	280	0
420	280	0
440	280	0
460	280	0
480	280	0
500	280	0
520	280	0
540	280	0
560	280	0
580	280	0
600	280	0
620	280	0
640	280	0
660	280	0
680	280	0
700	280	0
720	280	0
740	280	0
760	280	0
780	280	0
800	280	0
820	280	0
840	280	0
860	280	0
880	280	0
900	280	0
920	280	0
940	280	0
960	280	0
980	280	0
1000	280	0
1020	280	0
1040	280	0
1060	280	0
1080	280	0
1100	280	0
1120	280	0
1140	280	0
1160	280	0
1180	280	0
1200	280	0
1220	280	0
1240	280	0
1260	280	0
1280	280	0
1300	280	0
1320	280	0
1340	280	0
1360	280	0
1380	280	0
1400	280	0
1420	280	0
1440	280	0
1460	280	0
1480	280	0
1500	280	0
1520	280	0
1540	280	0
1560	280	0
1580	280	0
1600	280	0
1620	280	0
1640	280	0
1660	280	0
1680	280	0
1700	280	0
1720	280	0
1740	280	0
1760	280	0
1780	280	0
1800	280	0
1820	280	0
1840	280	0
1860	280	0
1880	280	0
1900	280	0
1920	280	0
1940	280	0
1960	280	0
1980	280	0
2000	280	0
0	320	0
20	320	0
40	320	0
60	320	0
80	320	0
100	320	0
120	320	0
140	320	0
160	320	0
180	320	0
200	320	0
220	320	0
240	320	0
260	320	0
280	320	0
300	320	0
320	320	0
340	320	0
360	320	0
380	320	0
400	320	0
420	320	0
440	320	0
460	320	0
480	320	0
500	320	0
520	320	0
540	320	0
560	320	0
580	320	0
600	320	0
620	320	0
640	320	0
660	320	0
680	320	0
700	320	0
720	320	0
740	320	0
760	320	0
780	320	0
800	320	0
820	320	0
840	320	0
860	320	0
880	320	0
900	320	0
920	320	0
940	320	0
960	320	0
980	320	0
1000	320	0
1020	320	0
1040	320	0
1060	320	0
1080	320	0
1100	320	0
1120	320	0
1140	320	0
1160	320	0
1180	320	0
1200	320	0
1220	320	0
1240	320	0
1260	320	0
1280	320	0
1300	320	0
1320	320	0
1340	320	0
1360	320	0
1380	320	0
1400	320	0
1420	320	0
1440	320	0
1460	320	0
1480	320	0
1500	320	0
1520	320	0
1540	320	0
1560	320	0
1580	320	0
1600	320	0
1620	320	0
1640	320	0
1660	320	0
1680	320	0
1700	320	0
1720	320	0
1740	320	0
1760	320	0
1780	320	0
1800	320	0
1820	320	0
1840	320	0
1860	320	0
1880	320	0
1900	320	0
1920	320	0
1940	320	0
1960	320	0
1980	320	0
2000	320	0
0	360	0
20	360	0
40	360	0
60	360	0
80	360	0
100	360	0
120	360	0
140	360	0
160	360	0
180	360	0
200	360	0
220	360	0
240	360	0
260	360	0
280	360	0
300	360	0
320	360	0
340	360	0
360	360	0
380	360	0
400	360	0
420	360	0
440	360	0
460	360	0
480	360	0
500	360	0
520	360	0
540	360	0
560	360	0
580	360	0
600	360	0
620	360	0
640	360	0
660	360	0
680	360	0
700	360	0
720	360	0
740	360	0
760	360	0
780	360	0
800	360	0
820	360	0
840	360	0
860	360	0
880	360	0
900	360	0
920	360	0
940	360	0
960	360	0
980	360	0
1000	360	0
1020	360	0
1040	360	0
1060	360	0
1080	360	0
1100	360	0
1120	360	0
1140	360	0
1160	360	0
1180	360	0
1200	360	0
1220	360	0
1240	360	0
1260	360	0
1280	360	0
1300	360	0
1320	360	0
1340	360	0
1360	360	0
1380	360	0
1400	360	0
1420	360	0
1440	360	0
1460	360	0
1480	360	0
1500	360	0
1520	360	0
1540	360	0
1560	360	0
1580	360	0
1600	360	0
1620	360	0
1640	360	0
1660	360	0
1680	360	0
1700	360	0
1720	360	0
1740	360	0
1760	360	0
1780	360	0
1800	360	0
1820	360	0
1840	360	0
1860	360	0
1880	360	0
1900	360	0
1920	360	0
1940	360	0
1960	360	0
1980	360	0
2000	360	0
0	400	0
20	400	0
40	400	0
60	400	0
80	400	0
100	400	0
120	400	0
140	400	0
160	400	0
180	400	0
200	400	0
220	400	0
240	400	0
260	400	0
280	400	0
300	400	0
320	400	0
340	400	0
360	400	0
380	400	0
400	400	0
420	400	0
440	400	0
460	400	0
480	400	0
500	400	0
520	400	0
540	400	0
560	400	0
580	400	0
600	400	0
620	400	0
640	400	0
660	400	0
680	400	0
700	400	0
720	400	0
740	400	0
760	400	0
780	400	0
800	400	0
820	400	0
840	400	0
860	400	0
880	400	0
900	400	0
920	400	0
940	400	0
960	400	0
980	400	0
1000	400	0
1020	400	0
1040	400	0
1060	400	0
1080	400	0
1100	400	0
1120	400	0
1140	400	0
1160	400	0
1180	400	0
1200	400	0
1220	400	0
1240	400	0
1260	400	0
1280	400	0
1300	400	0
1320	400	0
1340	400	0
1360	400	0
1380	400	0
1400	400	0
1420	400	0
1440	400	0
1460	400	0
1480	400	0
1500	400	0
1520	400	0
1540	400	0
1560	400	0
1580	400	0
1600	400	0
1620	400	0
1640	400	0
1660	400	0
1680	400	0
1700	400	0
1720	400	0
1740	400	0
1760	400	0
1780	400	0
1800	400	0
1820	400	0
1840	400	0
1860	400	0
1880	400	0
1900	400	0
1920	400	0
1940	400	0
1960	400	0
1980	400	0
2000	400	0
0	440	0
20	440	0
40	440	0
60	440	0
80	440	0
100	440	0
120	440	0
140	440	0
160	440	0
180	440	0
200	440	0
220	440	0
240	440	0
260	440	0
280	440	0
300	440	0
320	440	0
340	440	0
360	440	0
380	440	0
400	440	0
420	440	0
440	440	0
460	440	0
480	440	0
500	440	0
520	440	0
540	440	0
560	440	0
580	440	0
600	440	0
620	440	0
640	440	0
660	440	0
680	440	0
700	440	0
720	440	0
740	440	0
760	440	0
780	440	0
800	440	0
820	440	0
840	440	0
860	440	0
880	440	0
900	440	0
920	440	0
940	440	0
960	440	0
980	440	0
1000	440	0
1020	440	0
1040	440	0
1060	440	0
1080	440	0
1100	440	0
1120	440	0
1140	440	0
1160	440	0
1180	440	0
1200	440	0
1220	440	0
1240	440	0
1260	440	0
1280	440	0
1300	440	0
1320	440	0
1340	440	0
1360	440	0
1380	440	0
1400	440	0
1420	440	0
1440	440	0
1460	440	0
1480	440	0
1500	440	0
1520	440	0
1540	440	0
1560	440	0
1580	440	0
1600	440	0
1620	440	0
1640	440	0
1660	440	0
1680	440	0
1700	440	0
1720	440	0
1740	440	0
1760	440	0
1780	440	0
1800	440	0
1820	440	0
1840	440	0
1860	440	0
1880	440	0
1900	440	0
1920	440	0
1940	440	0
1960	440	0
1980	440	0
2000	440	0
0	480	0
20	480	0
40	480	0
60	480	0
80	480	0
100	480	0
120	480	0
140	480	0
160	480	0
180	480	0
200	480	0
220	480	0
240	480	0
260	480	0
280	480	0
300	480	0
320	480	0
340	480	0
360	480	0
380	480	0
400	480	0
420	480	0
440	480	0
460	480	0
480	480	0
500	480	0
520	480	0
540	480	0
560	480	0
580	480	0
600	480	0
620	480	0
640	480	0
660	480	0
680	480	0
700	480	0
720	480	0
740	480	0
760	480	0
780	480	0
800	480	0
820	480	0
840	480	0
860	480	0
880	480	0
900	480	0
920	480	0
940	480	0
960	480	0
980	480	0
1000	480	0
1020	480	0
1040	480	0
1060	480	0
1080	480	0
1100	480	0
1120	480	0
1140	480	0
1160	480	0
1180	480	0
1200	480	0
1220	480	0
1240	480	0
1260	480	0
1280	480	0
1300	480	0
1320	480	0
1340	480	0
1360	480	0
1380	480	0
1400	480	0
1420	480	0
1440	480	0
1460	480	0
1480	480	0
1500	480	0
1520	480	0
1540	480	0
1560	480	0
1580	480	0
1600	480	0
1620	480	0
1640	480	0
1660	480	0
1680	480	0
1700	480	0
1720	480	0
1740	480	0
1760	480	0
1780	480	0
1800	480	0
1820	480	0
1840	480	0
1860	480	0
1880	480	0
1900	480	0
1920	480	0
1940	480	0
1960	480	0
1980	480	0
2000	480	0
0	520	0
20	520	0
40	520	0
60	520	0
80	520	0
100	520	0
120	520	0
140	520	0
160	520	0
180	520	0
200	520	0
220	520	0
240	520	0
260	520	0
280	520	0
300	520	0
320	520	0
340	520	0
360	520	0
380	520	0
400	520	0
420	520	0
440	520	0
460	520	0
480	520	0
500	520	0
520	520	0
540	520	0
560	520	0
580	520	0
600	520	0
620	520	0
640	520	0
660	520	0
680	520	0
700	520	0
720	520	0
740	520	0
760	520	0
780	520	0
800	520	0
820	520	0
840	520	0
860	520	0
880	520	0
900	520	0
920	520	0
940	520	0
960	520	0
980	520	0
1000	520	0
1020	520	0
1040	520	0
1060	520	0
1080	520	0
1100	520	0
1120	520	0
1140	520	0
1160	520	0
1180	520	0
1200	520	0
1220	520	0
1240	520	0
1260	520	0
1280	520	0
1300	520	0
1320	520	0
1340	520	0
1360	520	0
1380	520	0
1400	520	0
1420	520	0
1440	520	0
1460	520	0
1480	520	0
1500	520	0
1520	520	0
1540	520	0
1560	520	0
1580	520	0
1600	520	0
1620	520	0
1640	520	0
1660	520	0
1680	520	0
1700	520	0
1720	520	0
1740	520	0
1760	520	0
1780	520	0
1800	520	0
1820	520	0
1840	520	0
1860	520	0
1880	520	0
1900	520	0
1920	520	0
1940	520	0
1960	520	0
1980	520	0
2000	520	0
0	560	0
20	560	0
40	560	0
60	560	0
80	560	0
100	560	0
120	560	0
140	560	0
160	560	0
180	560	0
200	560	0
220	560	0
240	560	0
260	560	0
280	560	0
300	560	0
320	560	0
340	560	0
360	560	0
380	560	0
400	560	0
420	560	0
440	560	0
460	560	0
480	560	0
500	560	0
520	560	0
540	560	0
560	560	0
580	560	0
600	560	0
620	560	0
640	560	0
660	560	0
680	560	0
700	560	0
720	560	0
740	560	0
760	560	0
780	560	0
800	560	0
820	560	0
840	560	0
860	560	0
880	560	0
900	560	0
920	560	0
940	560	0
960	560	0
980	560	0
1000	560	0
1020	560	0
1040	560	0
1060	560	0
1080	560	0
1100	560	0
1120	560	0
1140	560	0
1160	560	0
1180	560	0
1200	560	0
1220	560	0
1240	560	0
1260	560	0
1280	560	0
1300	560	0
1320	560	0
1340	560	0
1360	560	0
1380	560	0
1400	560	0
1420	560	0
1440	560	0
1460	560	0
1480	560	0
1500	560	0
1520	560	0
1540	560	0
1560	560	0
1580	560	0
1600	560	0
1620	560	0
1640	560	0
1660	560	0
1680	560	0
1700	560	0
1720	560	0
1740	560	0
1760	560	0
1780	560	0
1800	560	0
1820	560	0
1840	560	0
1860	560	0
1880	560	0
1900	560	0
1920	560	0
1940	560	0
1960	560	0
1980	560	0
2000	560	0
0	600	0
20	600	0
40	600	0
60	600	0
80	600	0
100	600	0
120	600	0
140	600	0
160	600	0
180	600	0
200	600	0
220	600	0
240	600	0
260	600	0
280	600	0
300	600	0
320	600	0
340	600	0
360	600	0
380	600	0
400	600	0
420	600	0
440	600	0
460	600	0
480	600	0
500	600	0
520	600	0
540	600	0
560	600	0
580	600	0
600	600	0
620	600	0
640	600	0
660	600	0
680	600	0
700	600	0
720	600	0
740	600	0
760	600	0
780	600	0
800	600	0
820	600	0
840	600	0
860	600	0
880	600	0
900	600	0
920	600	0
940	600	0
960	600	0
980	600	0
1000	600	0
1020	600	0
1040	600	0
1060	600	0
1080	600	0
1100	600	0
1120	600	0
1140	600	0
1160	600	0
1180	600	0
1200	600	0
1220	600	0
1240	600	0
1260	600	0
1280	600	0
1300	600	0
1320	600	0
1340	600	0
1360	600	0
1380	600	0
1400	600	0
1420	600	0
1440	600	0
1460	600	0
1480	600	0
1500	600	0
1520	600	0
1540	600	0
1560	600	0
1580	600	0
1600	600	0
1620	600	0
1640	600	0
1660	600	0
1680	600	0
1700	600	0
1720	600	0
1740	600	0
1760	600	0
1780	600	0
1800	600	0
1820	600	0
1840	600	0
1860	600	0
1880	600	0
1900	600	0
1920	600	0
1940	600	0
1960	600	0
1980	600	0
2000	600	0
0	640	0
20	640	0
40	640	0
60	640	0
80	640	0
100	640	0
120	640	0
140	640	0
160	640	0
180	640	0
200	640	0
220	640	0
240	640	0
260	640	0
280	640	0
300	640	0
320	640	0
340	640	0
360	640	0
380	640	0
400	640	0
420	640	0
440	640	0
460	640	0
480	640	0
500	640	0
520	640	0
540	640	0
560	640	0
580	640	0
600	640	0
620	640	0
640	640	0
660	640	0
680	640	0
700	640	0
720	640	0
740	640	0
760	640	0
780	640	0
800	640	0
820	640	0
840	640	0
860	640	0
880	640	0
900	640	0
920	640	0
940	640	0
960	640	0
980	640	0
1000	640	0
1020	640	0
1040	640	0
1060	640	0
1080	640	0
1100	640	0
1120	640	0
1140	640	0
1160	640	0
1180	640	0
1200	640	0
1220	640	0
1240	640	0
1260	640	0
1280	640	0
1300	640	0
1320	640	0
1340	640	0
1360	640	0
1380	640	0
1400	640	0
1420	640	0
1440	640	0
1460	640	0
1480	640	0
1500	640	0
1520	640	0
1540	640	0
1560	640	0
1580	640	0
1600	640	0
1620	640	0
1640	640	0
1660	640	0
1680	640	0
1700	640	0
1720	640	0
1740	640	0
1760	640	0
1780	640	0
1800	640	0
1820	640	0
1840	640	0
1860	640	0
1880	640	0
1900	640	0
1920	640	0
1940	640	0
1960	640	0
1980	640	0
2000	640	0
0	680	0
20	680	0
40	680	0
60	680	0
80	680	0
100	680	0
120	680	0
140	680	0
160	680	0
180	680	0
200	680	0
220	680	0
240	680	0
260	680	0
280	680	0
300	680	0
320	680	0
340	680	0
360	680	0
380	680	0
400	680	0
420	680	0
440	680	0
460	680	0
480	680	0
500	680	0
520	680	0
540	680	0
560	680	0
580	680	0
600	680	0
620	680	0
640	680	0
660	680	0
680	680	0
700	680	0
720	680	0
740	680	0
760	680	0
780	680	0
800	680	0
820	680	0
840	680	0
860	680	0
880	680	0
900	680	0
920	680	0
940	680	0
960	680	0
980	680	0
1000	680	0
1020	680	0
1040	680	0
1060	680	0
1080	680	0
1100	680	0
1120	680	0
1140	680	0
1160	680	0
1180	680	0
1200	680	0
1220	680	0
1240	680	0
1260	680	0
1280	680	0
1300	680	0
1320	680	0
1340	680	0
1360	680	0
1380	680	0
1400	680	0
1420	680	0
1440	680	0
1460	680	0
1480	680	0
1500	680	0
1520	680	0
1540	680	0
1560	680	0
1580	680	0
1600	680	0
1620	680	0
1640	680	0
1660	680	0
1680	680	0
1700	680	0
1720	680	0
1740	680	0
1760	680	0
1780	680	0
1800	680	0
1820	680	0
1840	680	0
1860	680	0
1880	680	0
1900	680	0
1920	680	0
1940	680	0
1960	680	0
1980	680	0
2000	680	0
0	720	0
20	720	0
40	720	0
60	720	0
80	720	0
100	720	0
120	720	0
140	720	0
160	720	0
180	720	0
200	720	0
220	720	0
240	720	0
260	720	0
280	720	0
300	720	0
320	720	0
340	720	0
360	720	0
380	720	0
400	720	0
420	720	0
440	720	0
460	720	0
480	720	0
500	720	0
520	720	0
540	720	0
560	720	0
580	720	0
600	720	0
620	720	0
640	720	0
660	720	0
680	720	0
700	720	0
720	720	0
740	720	0
760	720	0
780	720	0
800	720	0
820	720	0
840	720	0
860	720	0
880	720	0
900	720	0
920	720	0
940	720	0
960	720	0
980	720	0
1000	720	0
1020	720	0
1040	720	0
1060	720	0
1080	720	0
1100	720	0
1120	720	0
1140	720	0
1160	720	0
1180	720	0
1200	720	0
1220	720	0
1240	720	0
1260	720	0
1280	720	0
1300	720	0
1320	720	0
1340	720	0
1360	720	0
1380	720	0
1400	720	0
1420	720	0
1440	720	0
1460	720	0
1480	720	0
1500	720	0
1520	720	0
1540	720	0
1560	720	0
1580	720	0
1600	720	0
1620	720	0
1640	720	0
1660	720	0
1680	720	0
1700	720	0
1720	720	0
1740	720	0
1760	720	0
1780	720	0
1800	720	0
1820	720	0
1840	720	0
1860	720	0
1880	720	0
1900	720	0
1920	720	0
1940	720	0
1960	720	0
1980	720	0
2000	720	0
0	760	0
20	760	0
40	760	0
60	760	0
80	760	0
100	760	0
120	760	0
140	760	0
160	760	0
180	760	0
200	760	0
220	760	0
240	760	0
260	760	0
280	760	0
300	760	0
320	760	0
340	760	0
360	760	0
380	760	0
400	760	0
420	760	0
440	760	0
460	760	0
480	760	0
500	760	0
520	760	0
540	760	0
560	760	0
580	760	0
600	760	0
620	760	0
640	760	0
660	760	0
680	760	0
700	760	0
720	760	0
740	760	0
760	760	0
780	760	0
800	760	0
820	760	0
840	760	0
860	760	0
880	760	0
900	760	0
920	760	0
940	760	0
960	760	0
980	760	0
1000	760	0
1020	760	0
1040	760	0
1060	760	0
1080	760	0
1100	760	0
1120	760	0
1140	760	0
1160	760	0
1180	760	0
1200	760	0
1220	760	0
1240	760	0
1260	760	0
1280	760	0
1300	760	0
1320	760	0
1340	760	0
1360	760	0
1380	760	0
1400	760	0
1420	760	0
1440	760	0
1460	760	0
1480	760	0
1500	760	0
1520	760	0
1540	760	0
1560	760	0
1580	760	0
1600	760	0
1620	760	0
1640	760	0
1660	760	0
1680	760	0
1700	760	0
1720	760	0
1740	760	0
1760	760	0
1780	760	0
1800	760	0
1820	760	0
1840	760	0
1860	760	0
1880	760	0
1900	760	0
1920	760	0
1940	760	0
1960	760	0
1980	760	0
2000	760	0
0	800	0
20	800	0
40	800	0
60	800	0
80	800	0
100	800	0
120	800	0
140	800	0
160	800	0
180	800	0
200	800	0
220	800	0
240	800	0
260	800	0
280	800	0
300	800	0
320	800	0
340	800	0
360	800	0
380	800	0
400	800	0
420	800	0
440	800	0
460	800	0
480	800	0
500	800	0
520	800	0
540	800	0
560	800	0
580	800	0
600	800	0
620	800	0
640	800	0
660	800	0
680	800	0
700	800	0
720	800	0
740	800	0
760	800	0
780	800	0
800	800	0
820	800	0
840	800	0
860	800	0
880	800	0
900	800	0
920	800	0
940	800	0
960	800	0
980	800	0
1000	800	0
1020	800	0
1040	800	0
1060	800	0
1080	800	0
1100	800	0
1120	800	0
1140	800	0
1160	800	0
1180	800	0
1200	800	0
1220	800	0
1240	800	0
1260	800	0
1280	800	0
1300	800	0
1320	800	0
1340	800	0
1360	800	0
1380	800	0
1400	800	0
1420	800	0
1440	800	0
1460	800	0
1480	800	0
1500	800	0
1520	800	0
1540	800	0
1560	800	0
1580	800	0
1600	800	0
1620	800	0
1640	800	0
1660	800	0
1680	800	0
1700	800	0
1720	800	0
1740	800	0
1760	800	0
1780	800	0
1800	800	0
1820	800	0
1840	800	0
1860	800	0
1880	800	0
1900	800	0
1920	800	0
1940	800	0
1960	800	0
1980	800	0
2000	800	0
0	840	0
20	840	0
40	840	0
60	840	0
80	840	0
100	840	0
120	840	0
140	840	0
160	840	0
180	840	0
200	840	0
220	840	0
240	840	0
260	840	0
280	840	0
300	840	0
320	840	0
340	840	0
360	840	0
380	840	0
400	840	0
420	840	0
440	840	0
460	840	0
480	840	0
500	840	0
520	840	0
540	840	0
560	840	0
580	840	0
600	840	0
620	840	0
640	840	0
660	840	0
680	840	0
700	840	0
720	840	0
740	840	0
760	840	0
780	840	0
800	840	0
820	840	0
840	840	0
860	840	0
880	840	0
900	840	0
920	840	0
940	840	0
960	840	0
980	840	0
1000	840	0
1020	840	0
1040	840	0
1060	840	0
1080	840	0
1100	840	0
1120	840	0
1140	840	0
1160	840	0
1180	840	0
1200	840	0
1220	840	0
1240	840	0
1260	840	0
1280	840	0
1300	840	0
1320	840	0
1340	840	0
1360	840	0
1380	840	0
1400	840	0
1420	840	0
1440	840	0
1460	840	0
1480	840	0
1500	840	0
1520	840	0
1540	840	0
1560	840	0
1580	840	0
1600	840	0
1620	840	0
1640	840	0
1660	840	0
1680	840	0
1700	840	0
1720	840	0
1740	840	0
1760	840	0
1780	840	0
1800	840	0
1820	840	0
1840	840	0
1860	840	0
1880	840	0
1900	840	0
1920	840	0
1940	840	0
1960	840	0
1980	840	0
2000	840	0
0	880	0
20	880	0
40	880	0
60	880	0
80	880	0
100	880	0
120	880	0
140	880	0
160	880	0
180	880	0
200	880	0
220	880	0
240	880	0
260	880	0
280	880	0
300	880	0
320	880	0
340	880	0
360	880	0
380	880	0
400	880	0
420	880	0
440	880	0
460	880	0
480	880	0
500	880	0
520	880	0
540	880	0
560	880	0
580	880	0
600	880	0
620	880	0
640	880	0
660	880	0
680	880	0
700	880	0
720	880	0
740	880	0
760	880	0
780	880	0
800	880	0
820	880	0
840	880	0
860	880	0
880	880	0
900	880	0
920	880	0
940	880	0
960	880	0
980	880	0
1000	880	0
1020	880	0
1040	880	0
1060	880	0
1080	880	0
1100	880	0
1120	880	0
1140	880	0
1160	880	0
1180	880	0
1200	880	0
1220	880	0
1240	880	0
1260	880	0
1280	880	0
1300	880	0
1320	880	0
1340	880	0
1360	880	0
1380	880	0
1400	880	0
1420	880	0
1440	880	0
1460	880	0
1480	880	0
1500	880	0
1520	880	0
1540	880	0
1560	880	0
1580	880	0
1600	880	0
1620	880	0
1640	880	0
1660	880	0
1680	880	0
1700	880	0
1720	880	0
1740	880	0
1760	880	0
1780	880	0
1800	880	0
1820	880	0
1840	880	0
1860	880	0
1880	880	0
1900	880	0
1920	880	0
1940	880	0
1960	880	0
1980	880	0
2000	880	0
0	920	0
20	920	0
40	920	0
60	920	0
80	920	0
100	920	0
120	920	0
140	920	0
160	920	0
180	920	0
200	920	0
220	920	0
240	920	0
260	920	0
280	920	0
300	920	0
320	920	0
340	920	0
360	920	0
380	920	0
400	920	0
420	920	0
440	920	0
460	920	0
480	920	0
500	920	0
520	920	0
540	920	0
560	920	0
580	920	0
600	920	0
620	920	0
640	920	0
660	920	0
680	920	0
700	920	0
720	920	0
740	920	0
760	920	0
780	920	0
800	920	0
820	920	0
840	920	0
860	920	0
880	920	0
900	920	0
920	920	0
940	920	0
960	920	0
980	920	0
1000	920	0
1020	920	0
1040	920	0
1060	920	0
1080	920	0
1100	920	0
1120	920	0
1140	920	0
1160	920	0
1180	920	0
1200	920	0
1220	920	0
1240	920	0
1260	920	0
1280	920	0
1300	920	0
1320	920	0
1340	920	0
1360	920	0
1380	920	0
1400	920	0
1420	920	0
1440	920	0
1460	920	0
1480	920	0
1500	920	0
1520	920	0
1540	920	0
1560	920	0
1580	920	0
1600	920	0
1620	920	0
1640	920	0
1660	920	0
1680	920	0
1700	920	0
1720	920	0
1740	920	0
1760	920	0
1780	920	0
1800	920	0
1820	920	0
1840	920	0
1860	920	0
1880	920	0
1900	920	0
1920	920	0
1940	920	0
1960	920	0
1980	920	0
2000	920	0
0	960	0
20	960	0
40	960	0
60	960	0
80	960	0
100	960	0
120	960	0
140	960	0
160	960	0
180	960	0
200	960	0
220	960	0
240	960	0
260	960	0
280	960	0
300	960	0
320	960	0
340	960	0
360	960	0
380	960	0
400	960	0
420	960	0
440	960	0
460	960	0
480	960	0
500	960	0
520	960	0
540	960	0
560	960	0
580	960	0
600	960	0
620	960	0
640	960	0
660	960	0
680	960	0
700	960	0
720	960	0
740	960	0
760	960	0
780	960	0
800	960	0
820	960	0
840	960	0
860	960	0
880	960	0
900	960	0
920	960	0
940	960	0
960	960	0
980	960	0
1000	960	0
1020	960	0
1040	960	0
1060	960	0
1080	960	0
1100	960	0
1120	960	0
1140	960	0
1160	960	0
1180	960	0
1200	960	0
1220	960	0
1240	960	0
1260	960	0
1280	960	0
1300	960	0
1320	960	0
1340	960	0
1360	960	0
1380	960	0
1400	960	0
1420	960	0
1440	960	0
1460	960	0
1480	960	0
1500	960	0
1520	960	0
1540	960	0
1560	960	0
1580	960	0
1600	960	0
1620	960	0
1640	960	0
1660	960	0
1680	960	0
1700	960	0
1720	960	0
1740	960	0
1760	960	0
1780	960	0
1800	960	0
1820	960	0
1840	960	0
1860	960	0
1880	960	0
1900	960	0
1920	960	0
1940	960	0
1960	960	0
1980	960	0
2000	960	0
0	1000	0
20	1000	0
40	1000	0
60	1000	0
80	1000	0
100	1000	0
120	1000	0
140	1000	0
160	1000	0
180	1000	0
200	1000	0
220	1000	0
240	1000	0
260	1000	0
280	1000	0
300	1000	0
320	1000	0
340	1000	0
360	1000	0
380	1000	0
400	1000	0
420	1000	0
440	1000	0
460	1000	0
480	1000	0
500	1000	0
520	1000	0
540	1000	0
560	1000	0
580	1000	0
600	1000	0
620	1000	0
640	1000	0
660	1000	0
680	1000	0
700	1000	0
720	1000	0
740	1000	0
760	1000	0
780	1000	0
800	1000	0
820	1000	0
840	1000	0
860	1000	0
880	1000	0
900	1000	0
920	1000	0
940	1000	0
960	1000	0
980	1000	0
1000	1000	0
1020	1000	0
1040	1000	0
1060	1000	0
1080	1000	0
1100	1000	0
1120	1000	0
1140	1000	0
1160	1000	0
1180	1000	0
1200	1000	0
1220	1000	0
1240	1000	0
1260	1000	0
1280	1000	0
1300	1000	0
1320	1000	0
1340	1000	0
1360	1000	0
1380	1000	0
1400	1000	0
1420	1000	0
1440	1000	0
1460	1000	0
1480	1000	0
1500	1000	0
1520	1000	0
1540	1000	0
1560	1000	0
1580	1000	0
1600	1000	0
1620	1000	0
1640	1000	0
1660	1000	0
1680	1000	0
1700	1000	0
1720	1000	0
1740	1000	0
1760	1000	0
1780	1000	0
1800	1000	0
1820	1000	0
1840	1000	0
1860	1000	0
1880	1000	0
1900	1000	0
1920	1000	0
1940	1000	0
1960	1000	0
1980	1000	0
2000	1000	0
